0.0 0.9459 0.9811 0.9734 0.9734 0.9696 0.9615 0.9549 0.9611 0.9675 0.9784 0.9459 0.9459 0.9468 0.9459 0.9449 0.9468 0.9459 0.9459 0.9459 0.9449 0.9459 0.9459 0.9468 0.9858 0.9816 0.9491 0.9943 0.9459 0.9459 0.9459 0.0 0.9784 0.9706 0.9737 0.9772 0.9675 0.9763 0.9896 0.9772 0.9782 0.9829 0.9829 0.982 0.9573 0.9953 0.9751 0.9782 0.9522 0.9839 0.9459 0.9459 0.9763 0.9772 0.9616 0.9886 0.9459 0.9723 0.9687 0.9402 0.9782 0.9592 0.9782 0.982 0.9707 0.981 0.9962 0.9651 0.9867 0.9816 0.982 0.9678 0.9725 0.9905 0.9744 0.9749 0.9737 0.9459 0.981 0.9839 0.9905 0.9449 0.975 0.9595 0.982 0.9459 0.982
0.9459 0.0 0.9533 0.8889 0.8889 0.9536 0.9674 0.9748 0.9605 0.9668 0.9674 0.017100000000000004 0.017100000000000004 0.013700000000000045 0.006800000000000028 0.0033999999999999586 0.017100000000000004 0.010299999999999976 0.017100000000000004 0.013700000000000045 0.0033999999999999586 0.010299999999999976 0.013700000000000045 0.017100000000000004 0.9614 0.9719 0.9746 0.9748 0.013700000000000045 0.013700000000000045 0.013700000000000045 0.9459 0.9674 0.961 0.9645 0.9503 0.9671 0.9564 0.9669 0.9672 0.938 0.9333 0.9608 0.9631 0.9769 0.9815 0.9873 0.9353 0.9537 0.952 0.013700000000000045 0.013700000000000045 0.931 0.9538 0.9564 0.9691 0.013700000000000045 0.9916 0.9638 0.9701 0.9319999999999999 0.9692 0.9465 0.952 0.9585 0.9392 0.9712 0.954 0.9605 0.9719 0.9631 0.9519 0.9391 0.9527 0.9522 0.9789 0.9645 0.013700000000000045 0.959 0.9615 0.9696 0.017100000000000004 0.979 0.9682 0.9412 0.013700000000000045 0.952
0.9811 0.9533 0.0 0.9683 0.9683 0.9435 0.9446 0.9722 0.9441 0.955 0.9538 0.9533 0.9533 0.9553 0.9533 0.9533 0.9533 0.9533 0.9533 0.9533 0.9533 0.9533 0.9533 0.9533 0.9655 0.9573 0.9582 0.9777 0.9533 0.9533 0.9533 0.9811 0.9538 0.931 0.9569 0.9737 0.954 0.9453 0.9777 0.9446 0.9494 0.9717 0.9778 0.9483 0.9722 0.9899 0.9658 0.9575 0.9362 0.9675 0.9533 0.9533 0.9576 0.9483 0.9321 0.9819 0.9533 0.9877 0.9377 0.9614 0.9777 0.9429 0.9544 0.9639 0.9441 0.9717 0.9838 0.9436 0.9534 0.9573 0.9483 0.9457 0.9480999999999999 0.9575 0.9441 0.9698 0.9569 0.9533 0.9518 0.9696 0.9696 0.9533 0.97 0.963 0.9659 0.9533 0.9639
0.9734 0.8889 0.9683 0.0 0.0 0.9517 0.974 0.9835 0.9596 0.9533 0.9693 0.8855 0.8855 0.8889 0.8855 0.8855 0.8855 0.8822 0.8859 0.8855 0.8855 0.8855 0.8855 0.8855 0.9619 0.9764 0.9521 0.9786 0.8855 0.8855 0.8855 0.9734 0.9693 0.9573 0.9579 0.9655 0.9538 0.951 0.9628 0.9422 0.9522 0.9295 0.9427 0.9478 0.9849 0.993 0.9883 0.9631 0.9597 0.946 0.8855 0.8855 0.9558 0.948 0.9725 0.9759 0.8855 0.9938 0.9638 0.9814 0.8996 0.9668 0.9518 0.9472 0.975 0.9273 0.9857 0.9561 0.9706 0.9764 0.9478 0.9719 0.9518 0.9425 0.9624 0.9883 0.9579 0.8855 0.9742 0.9783 0.9458 0.8855 0.9883 0.9696 0.9408 0.8855 0.9472
0.9734 0.8889 0.9683 0.0 0.0 0.9517 0.974 0.9835 0.9596 0.9533 0.9693 0.8855 0.8855 0.8889 0.8855 0.8855 0.8855 0.8822 0.8859 0.8855 0.8855 0.8855 0.8855 0.8855 0.9619 0.9764 0.9521 0.9786 0.8855 0.8855 0.8855 0.9734 0.9693 0.9573 0.9579 0.9655 0.9538 0.951 0.9628 0.9422 0.9522 0.9295 0.9427 0.9478 0.9849 0.993 0.9883 0.9631 0.9597 0.946 0.8855 0.8855 0.9558 0.948 0.9725 0.9759 0.8855 0.9938 0.9638 0.9814 0.8996 0.9668 0.9518 0.9472 0.975 0.9273 0.9857 0.9561 0.9706 0.9764 0.9478 0.9719 0.9518 0.9425 0.9624 0.9883 0.9579 0.8855 0.9742 0.9783 0.9458 0.8855 0.9883 0.9696 0.9408 0.8855 0.9472
0.9696 0.9536 0.9435 0.9517 0.9517 0.0 0.9511000000000001 0.9791 0.957 0.9471 0.953 0.9536 0.9536 0.9536 0.9536 0.9536 0.9536 0.9536 0.9536 0.9536 0.9536 0.9536 0.9536 0.9536 0.9428 0.9315 0.9608 0.9817 0.9536 0.9536 0.9536 0.9696 0.953 0.9459 0.9544 0.9455 0.9479 0.951 0.9633 0.948 0.9402 0.9428 0.9394 0.9478 0.9777 0.9878 0.9706 0.9231 0.9505 0.955 0.9536 0.9536 0.9268 0.9311 0.9425 0.9453 0.9536 0.985 0.9586 0.98 0.9608 0.9645 0.9627 0.9504 0.9548 0.9304 0.9909 0.9423 0.9294 0.9315 0.9478 0.9433 0.9458 0.9390000000000001 0.945 0.9786 0.9544 0.9536 0.9329 0.9456 0.9488 0.9536 0.9787 0.9487 0.9353 0.9536 0.9504
0.9615 0.9674 0.9446 0.974 0.974 0.9511000000000001 0.0 0.9668 0.9497 0.9625 0.9542 0.9674 0.9639 0.9656 0.9656 0.9656 0.9639 0.9656 0.9639 0.9639 0.9656 0.9639 0.9639 0.9639 0.9704 0.9819 0.9501 0.9756 0.9639 0.9639 0.9639 0.9615 0.9542 0.9499 0.958 0.9703 0.9626 0.9703 0.9808 0.9514 0.9583 0.9599 0.9721 0.9686 0.9678 0.986 0.9666 0.9652000000000001 0.9309000000000001 0.9738 0.9639 0.9639 0.9756 0.9515 0.9392 0.9791 0.9639 0.9855 0.9475 0.9545 0.9843 0.9369 0.9477 0.9739 0.9364 0.9564 0.9895 0.9444 0.9669 0.9819 0.9686 0.9524 0.9549 0.9669 0.9445 0.9702 0.958 0.9639 0.9757 0.9808 0.9756 0.9639 0.9704 0.9439 0.9721 0.9639 0.9739
0.9549 0.9748 0.9722 0.9835 0.9835 0.9791 0.9668 0.0 0.9732 0.9786 0.9889 0.9748 0.9739 0.9748 0.9748 0.9748 0.9739 0.9757 0.9739 0.9739 0.9748 0.9748 0.9739 0.9739 0.9904 0.9781 0.952 0.9887 0.9739 0.9739 0.9739 0.9549 0.9889 0.981 0.9811 0.9843 0.9787 0.98 0.9948 0.9818 0.9748 0.98 0.9826 0.9783 0.9374 0.9948 0.9464 0.9791 0.9649 0.9835 0.9739 0.9739 0.9809 0.9766 0.9639 0.9904 0.9739 0.9705 0.9594 0.9561 0.987 0.9697 0.9705 0.98 0.9611 0.9722 0.9913 0.9732 0.9774 0.9781 0.9783 0.9775 0.9636 0.987 0.9748 0.9715 0.9811 0.9739 0.9853 0.9835 0.9878 0.9748 0.9723 0.9552 0.9844 0.9739 0.98
0.9611 0.9605 0.9441 0.9596 0.9596 0.957 0.9497 0.9732 0.0 0.9677 0.9784 0.9561 0.9583 0.9583 0.9583 0.9583 0.9583 0.9561 0.9583 0.9583 0.9583 0.9583 0.9583 0.9583 0.9634 0.971 0.9611 0.9725 0.9583 0.9583 0.9583 0.9611 0.9784 0.9388 0.9752 0.9612 0.9663 0.9522 0.984 0.9543 0.9315 0.9568 0.9477 0.9664 0.9729 0.9725 0.9668 0.9681 0.9463 0.9589 0.9583 0.9583 0.9382 0.9463 0.9394 0.9727 0.9583 0.9846 0.9573 0.9601 0.9567 0.9468 0.9434 0.9619 0.9653 0.9498 0.984 0.9451 0.9592 0.971 0.9664 0.9359999999999999 0.9605 0.9749 0.9365 0.9748 0.9752 0.9583 0.9456 0.9703 0.9863 0.9627 0.975 0.9513 0.9548 0.9583 0.9619
0.9675 0.9668 0.955 0.9533 0.9533 0.9471 0.9625 0.9786 0.9677 0.0 0.9373 0.9648 0.9629 0.9668 0.9648 0.9668 0.9648 0.9648 0.9629 0.9629 0.9668 0.9629 0.9629 0.9629 0.9589 0.8591 0.9683 0.9824 0.9629 0.9629 0.9629 0.9675 0.9373 0.9628 0.9466 0.9706 0.015499999999999958 0.9402 0.9843 0.9642 0.963 0.9549 0.9608 0.9333 0.9784 0.9784 0.9671 0.9472 0.9443 0.9804 0.9629 0.9629 0.9672 0.9635 0.966 0.9804 0.9629 0.9868 0.9549 0.9704 0.9587 0.9591 0.9554 0.9647 0.9649 0.9591 0.9765 0.9457 0.9491 0.8591 0.9333 0.9635 0.9518 0.953 0.9618 0.9605 0.9466 0.9629 0.9612 0.9647 0.9765 0.9648 0.9608 0.9766 0.9571 0.9629 0.9647
0.9784 0.9674 0.9538 0.9693 0.9693 0.953 0.9542 0.9889 0.9784 0.9373 0.0 0.9674 0.9674 0.9674 0.9674 0.9674 0.9674 0.9674 0.9674 0.9674 0.9674 0.9674 0.9674 0.9674 0.9646 0.952 0.9738 0.9818 0.9674 0.9674 0.9674 0.9784 0.0 0.9658 0.9449 0.9676 0.9382 0.957 0.9755 0.9812 0.9544 0.9299 0.9605 0.9144 0.9819 0.994 0.9729 0.9532 0.9786 0.9407 0.9674 0.9674 0.9582 0.937 0.975 0.9852 0.9674 0.9903 0.9726 0.9744 0.9637 0.9678 0.9529 0.9543 0.9603 0.9671 0.9787 0.9776 0.9503 0.952 0.9144 0.9555 0.9651 0.9403 0.9499 0.9278 0.9449 0.9674 0.9409 0.944 0.9769 0.9674 0.9283 0.9753000000000001 0.9611 0.9674 0.9543
0.9459 0.017100000000000004 0.9533 0.8855 0.8855 0.9536 0.9674 0.9748 0.9561 0.9648 0.9674 0.0 0.020499999999999963 0.017100000000000004 0.010299999999999976 0.013700000000000045 0.020499999999999963 0.013700000000000045 0.020499999999999963 0.017100000000000004 0.013700000000000045 0.013700000000000045 0.017100000000000004 0.020499999999999963 0.9614 0.9719 0.9746 0.9748 0.017100000000000004 0.017100000000000004 0.017100000000000004 0.9459 0.9674 0.9589 0.9645 0.9503 0.9652000000000001 0.9564 0.9669 0.9672 0.9326 0.9333 0.9608 0.9631 0.9761 0.9784 0.9863 0.9353 0.9554 0.952 0.017100000000000004 0.017100000000000004 0.9284 0.9538 0.9545 0.9691 0.017100000000000004 0.9912 0.9638 0.9701 0.9319999999999999 0.9692 0.9488 0.952 0.9585 0.9392 0.9712 0.9559 0.9633 0.9719 0.9631 0.9519 0.9391 0.9527 0.9544 0.9789 0.9645 0.017100000000000004 0.9563 0.9586 0.9696 0.020499999999999963 0.979 0.9682 0.9412 0.017100000000000004 0.952
0.9459 0.017100000000000004 0.9533 0.8855 0.8855 0.9536 0.9639 0.9739 0.9583 0.9629 0.9674 0.020499999999999963 0.0 0.017100000000000004 0.010299999999999976 0.013700000000000045 0.006800000000000028 0.013700000000000045 0.006800000000000028 0.0033999999999999586 0.013700000000000045 0.006800000000000028 0.0033999999999999586 0.006800000000000028 0.9614 0.9719 0.9761 0.9748 0.0033999999999999586 0.0033999999999999586 0.0033999999999999586 0.9459 0.9674 0.9589 0.9601 0.9503 0.9632000000000001 0.9564 0.9702 0.9672 0.938 0.9333 0.9608 0.9604 0.9769 0.9784 0.9863 0.938 0.9554 0.952 0.0033999999999999586 0.0033999999999999586 0.9284 0.9538 0.9564 0.9691 0.0033999999999999586 0.9908 0.9638 0.9701 0.9319999999999999 0.9692 0.9465 0.952 0.9604 0.9392 0.9712 0.9559 0.9633 0.9719 0.9604 0.9539 0.9391 0.9556 0.9522 0.9789 0.9601 0.0033999999999999586 0.9563 0.9586 0.9696 0.020499999999999963 0.979 0.9682 0.944 0.0033999999999999586 0.952
0.9468 0.013700000000000045 0.9553 0.8889 0.8889 0.9536 0.9656 0.9748 0.9583 0.9668 0.9674 0.017100000000000004 0.017100000000000004 0.0 0.006800000000000028 0.010299999999999976 0.017100000000000004 0.010299999999999976 0.017100000000000004 0.013700000000000045 0.010299999999999976 0.010299999999999976 0.013700000000000045 0.017100000000000004 0.9644 0.9719 0.9746 0.9748 0.013700000000000045 0.013700000000000045 0.013700000000000045 0.9468 0.9674 0.9589 0.9645 0.9503 0.9671 0.9564 0.9669 0.9672 0.938 0.9333 0.9608 0.9604 0.9769 0.9784 0.9873 0.938 0.957 0.952 0.013700000000000045 0.013700000000000045 0.9257 0.9538 0.9582 0.9691 0.013700000000000045 0.9912 0.9654 0.9701 0.9354 0.9692 0.9465 0.955 0.9585 0.9392 0.9712 0.9559 0.9633 0.9719 0.9604 0.9519 0.9391 0.9556 0.9544 0.9789 0.9645 0.013700000000000045 0.9563 0.9586 0.9696 0.017100000000000004 0.979 0.9666 0.9412 0.013700000000000045 0.955
0.9459 0.006800000000000028 0.9533 0.8855 0.8855 0.9536 0.9656 0.9748 0.9583 0.9648 0.9674 0.010299999999999976 0.010299999999999976 0.006800000000000028 0.0 0.0033999999999999586 0.010299999999999976 0.0033999999999999586 0.010199999999999987 0.006800000000000028 0.0033999999999999586 0.0033999999999999586 0.006800000000000028 0.010299999999999976 0.9614 0.9719 0.9746 0.9748 0.006800000000000028 0.006800000000000028 0.006800000000000028 0.9459 0.9674 0.9589 0.9645 0.9503 0.9652000000000001 0.9564 0.9669 0.9672 0.938 0.9333 0.9608 0.9604 0.9769 0.9784 0.9873 0.9353 0.9554 0.952 0.006800000000000028 0.006800000000000028 0.9284 0.9538 0.9564 0.9691 0.006800000000000028 0.9912 0.9638 0.9701 0.9319999999999999 0.9692 0.9465 0.952 0.9585 0.9392 0.9712 0.9559 0.9633 0.9719 0.9604 0.9539 0.9391 0.9527 0.9522 0.9789 0.9645 0.006800000000000028 0.9563 0.9586 0.9696 0.010299999999999976 0.979 0.9682 0.9412 0.006800000000000028 0.952
0.9449 0.0033999999999999586 0.9533 0.8855 0.8855 0.9536 0.9656 0.9748 0.9583 0.9668 0.9674 0.013700000000000045 0.013700000000000045 0.010299999999999976 0.0033999999999999586 0.0 0.013700000000000045 0.006800000000000028 0.013700000000000045 0.010299999999999976 0.0 0.006800000000000028 0.010299999999999976 0.013700000000000045 0.9614 0.9719 0.9746 0.9748 0.010299999999999976 0.010299999999999976 0.010299999999999976 0.9449 0.9674 0.961 0.9645 0.9503 0.9671 0.9564 0.9669 0.9672 0.938 0.9333 0.9608 0.9604 0.9769 0.9784 0.9873 0.9353 0.9537 0.952 0.010299999999999976 0.010299999999999976 0.9284 0.9513 0.9564 0.9691 0.010299999999999976 0.9916 0.9638 0.9701 0.9319999999999999 0.9692 0.9465 0.952 0.9585 0.9392 0.9712 0.954 0.9633 0.9719 0.9604 0.9539 0.9391 0.9527 0.9522 0.9789 0.9645 0.010299999999999976 0.9563 0.9615 0.9696 0.013700000000000045 0.979 0.9682 0.9412 0.010299999999999976 0.952
0.9468 0.017100000000000004 0.9533 0.8855 0.8855 0.9536 0.9639 0.9739 0.9583 0.9648 0.9674 0.020499999999999963 0.006800000000000028 0.017100000000000004 0.010299999999999976 0.013700000000000045 0.0 0.013700000000000045 0.006800000000000028 0.0033999999999999586 0.013700000000000045 0.006800000000000028 0.0033999999999999586 0.006800000000000028 0.9614 0.9693 0.9761 0.9748 0.0033999999999999586 0.0033999999999999586 0.0033999999999999586 0.9468 0.9674 0.9589 0.9601 0.9503 0.9652000000000001 0.9537 0.9702 0.9672 0.938 0.9333 0.9608 0.9604 0.9769 0.9784 0.9863 0.938 0.9554 0.952 0.0033999999999999586 0.0033999999999999586 0.9284 0.9538 0.9564 0.9691 0.0033999999999999586 0.9903 0.9638 0.9701 0.9319999999999999 0.9692 0.9465 0.952 0.9585 0.9392 0.9712 0.9559 0.9633 0.9693 0.9604 0.9539 0.9391 0.9556 0.9522 0.9789 0.9601 0.0033999999999999586 0.9563 0.9586 0.9696 0.020499999999999963 0.979 0.9682 0.944 0.0033999999999999586 0.952
0.9459 0.010299999999999976 0.9533 0.8822 0.8822 0.9536 0.9656 0.9757 0.9561 0.9648 0.9674 0.013700000000000045 0.013700000000000045 0.010299999999999976 0.0033999999999999586 0.006800000000000028 0.013700000000000045 0.0 0.013700000000000045 0.010299999999999976 0.006800000000000028 0.006800000000000028 0.010299999999999976 0.013700000000000045 0.9644 0.9719 0.9746 0.9748 0.010299999999999976 0.010299999999999976 0.010299999999999976 0.9459 0.9674 0.9589 0.9645 0.9503 0.9652000000000001 0.9564 0.9669 0.9672 0.938 0.9364 0.9578 0.9604 0.9777 0.9784 0.9873 0.9353 0.9554 0.952 0.010299999999999976 0.010299999999999976 0.9284 0.9538 0.9564 0.9691 0.010299999999999976 0.9912 0.9638 0.9714 0.9319999999999999 0.9692 0.9465 0.952 0.9585 0.9392 0.9712 0.9559 0.9661 0.9719 0.9604 0.9539 0.9391 0.9556 0.9522 0.9789 0.9645 0.010299999999999976 0.9563 0.9586 0.9696 0.013700000000000045 0.979 0.9682 0.9384 0.010299999999999976 0.952
0.9459 0.017100000000000004 0.9533 0.8859 0.8859 0.9536 0.9639 0.9739 0.9583 0.9629 0.9674 0.020499999999999963 0.006800000000000028 0.017100000000000004 0.010199999999999987 0.013700000000000045 0.006800000000000028 0.013700000000000045 0.0 0.0033999999999999586 0.013700000000000045 0.006800000000000028 0.0033999999999999586 0.006800000000000028 0.9614 0.9719 0.9746 0.9716 0.0033999999999999586 0.0033999999999999586 0.0033999999999999586 0.9459 0.9674 0.9589 0.9601 0.9503 0.9632000000000001 0.9564 0.9702 0.9672 0.938 0.9303 0.9578 0.9604 0.9769 0.9784 0.9863 0.938 0.9554 0.952 0.0033999999999999586 0.0033999999999999586 0.9284 0.9538 0.9564 0.9691 0.0033999999999999586 0.9908 0.9638 0.9701 0.9322 0.9692 0.9465 0.9521 0.9585 0.9392 0.9712 0.9559 0.9633 0.9719 0.9604 0.9539 0.9391 0.9556 0.9522 0.9778 0.9601 0.0033999999999999586 0.9563 0.9586 0.9696 0.020499999999999963 0.9779 0.9682 0.944 0.0033999999999999586 0.9521
0.9459 0.013700000000000045 0.9533 0.8855 0.8855 0.9536 0.9639 0.9739 0.9583 0.9629 0.9674 0.017100000000000004 0.0033999999999999586 0.013700000000000045 0.006800000000000028 0.010299999999999976 0.0033999999999999586 0.010299999999999976 0.0033999999999999586 0.0 0.010299999999999976 0.0033999999999999586 0.0 0.0033999999999999586 0.9614 0.9719 0.9761 0.9748 0.0 0.0 0.0 0.9459 0.9674 0.9589 0.9601 0.9503 0.9632000000000001 0.9564 0.9702 0.9672 0.938 0.9333 0.9608 0.9604 0.9769 0.9784 0.9863 0.938 0.9554 0.952 0.0 0.0 0.9284 0.9538 0.9564 0.9691 0.0 0.9908 0.9638 0.9701 0.9319999999999999 0.9692 0.9465 0.952 0.9585 0.9392 0.9712 0.9559 0.9633 0.9719 0.9604 0.9539 0.9391 0.9556 0.9522 0.9789 0.9601 0.0 0.9563 0.9586 0.9696 0.017100000000000004 0.979 0.9682 0.944 0.0 0.952
0.9449 0.0033999999999999586 0.9533 0.8855 0.8855 0.9536 0.9656 0.9748 0.9583 0.9668 0.9674 0.013700000000000045 0.013700000000000045 0.010299999999999976 0.0033999999999999586 0.0 0.013700000000000045 0.006800000000000028 0.013700000000000045 0.010299999999999976 0.0 0.006800000000000028 0.010299999999999976 0.013700000000000045 0.9614 0.9719 0.9746 0.9748 0.010299999999999976 0.010299999999999976 0.010299999999999976 0.9449 0.9674 0.961 0.9645 0.9503 0.9671 0.9564 0.9669 0.9672 0.938 0.9333 0.9608 0.9604 0.9769 0.9784 0.9873 0.9353 0.9537 0.952 0.010299999999999976 0.010299999999999976 0.9284 0.9513 0.9564 0.9691 0.010299999999999976 0.9916 0.9638 0.9701 0.9319999999999999 0.9692 0.9465 0.952 0.9585 0.9392 0.9712 0.954 0.9633 0.9719 0.9604 0.9539 0.9391 0.9527 0.9522 0.9789 0.9645 0.010299999999999976 0.9563 0.9615 0.9696 0.013700000000000045 0.979 0.9682 0.9412 0.010299999999999976 0.952
0.9459 0.010299999999999976 0.9533 0.8855 0.8855 0.9536 0.9639 0.9748 0.9583 0.9629 0.9674 0.013700000000000045 0.006800000000000028 0.010299999999999976 0.0033999999999999586 0.006800000000000028 0.006800000000000028 0.006800000000000028 0.006800000000000028 0.0033999999999999586 0.006800000000000028 0.0 0.0033999999999999586 0.006800000000000028 0.9614 0.9719 0.9761 0.9748 0.0033999999999999586 0.0033999999999999586 0.0033999999999999586 0.9459 0.9674 0.9589 0.9623 0.9503 0.9632000000000001 0.9564 0.9702 0.9672 0.938 0.9333 0.9608 0.9604 0.9769 0.9784 0.9863 0.938 0.9554 0.952 0.0033999999999999586 0.0033999999999999586 0.9284 0.9538 0.9564 0.9691 0.0033999999999999586 0.9908 0.9638 0.9701 0.9319999999999999 0.9692 0.9465 0.952 0.9585 0.9392 0.9712 0.9579 0.9633 0.9719 0.9604 0.9539 0.9391 0.9556 0.9522 0.9789 0.9623 0.0033999999999999586 0.9563 0.9586 0.9696 0.013700000000000045 0.979 0.9682 0.944 0.0033999999999999586 0.952
0.9459 0.013700000000000045 0.9533 0.8855 0.8855 0.9536 0.9639 0.9739 0.9583 0.9629 0.9674 0.017100000000000004 0.0033999999999999586 0.013700000000000045 0.006800000000000028 0.010299999999999976 0.0033999999999999586 0.010299999999999976 0.0033999999999999586 0.0 0.010299999999999976 0.0033999999999999586 0.0 0.0033999999999999586 0.9614 0.9719 0.9761 0.9748 0.0 0.0 0.0 0.9459 0.9674 0.9589 0.9601 0.9503 0.9632000000000001 0.9564 0.9702 0.9672 0.938 0.9333 0.9608 0.9604 0.9769 0.9784 0.9863 0.938 0.9554 0.952 0.0 0.0 0.9284 0.9538 0.9564 0.9691 0.0 0.9908 0.9638 0.9701 0.9319999999999999 0.9692 0.9465 0.952 0.9585 0.9392 0.9712 0.9559 0.9633 0.9719 0.9604 0.9539 0.9391 0.9556 0.9522 0.9789 0.9601 0.0 0.9563 0.9586 0.9696 0.017100000000000004 0.979 0.9682 0.944 0.0 0.952
0.9468 0.017100000000000004 0.9533 0.8855 0.8855 0.9536 0.9639 0.9739 0.9583 0.9629 0.9674 0.020499999999999963 0.006800000000000028 0.017100000000000004 0.010299999999999976 0.013700000000000045 0.006800000000000028 0.013700000000000045 0.006800000000000028 0.0033999999999999586 0.013700000000000045 0.006800000000000028 0.0033999999999999586 0.0 0.9614 0.9719 0.9761 0.9748 0.0033999999999999586 0.0033999999999999586 0.0033999999999999586 0.9468 0.9674 0.9589 0.9601 0.9503 0.9632000000000001 0.9564 0.9702 0.9672 0.938 0.9333 0.9608 0.9604 0.9769 0.9784 0.9873 0.938 0.9554 0.952 0.0033999999999999586 0.0033999999999999586 0.9284 0.9538 0.9564 0.9691 0.0033999999999999586 0.9908 0.9638 0.9701 0.9319999999999999 0.9692 0.9465 0.952 0.9585 0.9392 0.9712 0.9559 0.9633 0.9719 0.9604 0.9539 0.9391 0.9556 0.9522 0.9789 0.9601 0.0033999999999999586 0.9563 0.9586 0.9696 0.020499999999999963 0.979 0.9682 0.944 0.0033999999999999586 0.952
0.9858 0.9614 0.9655 0.9619 0.9619 0.9428 0.9704 0.9904 0.9634 0.9589 0.9646 0.9614 0.9614 0.9644 0.9614 0.9614 0.9614 0.9644 0.9614 0.9614 0.9614 0.9614 0.9614 0.9614 0.0 0.9542 0.9639 0.9761 0.9614 0.9614 0.9614 0.9858 0.9646 0.9658 0.9637 0.9387 0.9595 0.9424 0.9802 0.9695 0.9478 0.9258 0.935 0.9595 0.9865 0.9651 0.9774 0.9253 0.9761 0.9435 0.9614 0.9614 0.9472 0.9666 0.9722 0.9731 0.9614 0.9921 0.9751 0.9838 0.9603 0.97 0.9677 0.9524 0.9625 0.9569 0.9805 0.9595 0.9593 0.9542 0.9595 0.9576 0.9497 0.9638 0.9653 0.9871 0.9637 0.9614 0.9524 0.9508 0.9699 0.9614 0.9872 0.9778 0.9396 0.9614 0.9524
0.9816 0.9719 0.9573 0.9764 0.9764 0.9315 0.9819 0.9781 0.971 0.8591 0.952 0.9719 0.9719 0.9719 0.9719 0.9719 0.9693 0.9719 0.9719 0.9719 0.9719 0.9719 0.9719 0.9719 0.9542 0.0 0.9745 0.969 0.9719 0.9719 0.9719 0.9816 0.952 0.9529 0.963 0.9596 0.8613 0.9197 0.9831 0.9426 0.9453 0.9505 0.9391 0.9365 0.9829 0.9915 0.9724 0.9571 0.9646 0.9651 0.9719 0.9719 0.9558 0.9527 0.9619 0.9777 0.9719 0.985 0.9735 0.9762 0.973 0.9535 0.9603 0.9564 0.9621999999999999 0.9577 0.9859 0.9659 0.9321 0.0 0.9365 0.9589 0.9672 0.9576 0.955 0.958 0.963 0.9719 0.9471 0.96 0.9749 0.9719 0.9582 0.9681 0.9573 0.9719 0.9564
0.9491 0.9746 0.9582 0.9521 0.9521 0.9608 0.9501 0.952 0.9611 0.9683 0.9738 0.9746 0.9761 0.9746 0.9746 0.9746 0.9761 0.9746 0.9746 0.9761 0.9746 0.9761 0.9761 0.9761 0.9639 0.9745 0.0 0.9744 0.9761 0.9761 0.9761 0.9491 0.9738 0.9672 0.9645 0.9699 0.9685 0.9744 0.9895 0.9537 0.9745 0.9729 0.9608 0.9672 0.9685 0.9849 0.9664 0.9744 0.9565 0.9593 0.9761 0.9761 0.9623 0.9565 0.9359 0.9865 0.9761 0.9784 0.9471 0.9446 0.9834 0.9435 0.9715 0.9745 0.9449 0.9623 0.991 0.9307 0.9609 0.9745 0.9672 0.9361 0.958 0.9669 0.9611 0.9642 0.9645 0.9761 0.976 0.9759 0.9789 0.9746 0.9644 0.9409 0.9639 0.9761 0.9745
0.9943 0.9748 0.9777 0.9786 0.9786 0.9817 0.9756 0.9887 0.9725 0.9824 0.9818 0.9748 0.9748 0.9748 0.9748 0.9748 0.9748 0.9748 0.9716 0.9748 0.9748 0.9748 0.9748 0.9748 0.9761 0.969 0.9744 0.0 0.9748 0.9748 0.9748 0.9943 0.9818 0.9817 0.9793 0.9612 0.9826 0.9749 0.961 0.9718 0.9911 0.9508 0.956 0.9763 0.9936 0.9359 0.9902 0.96 0.9829 0.9556 0.9748 0.9748 0.9765 0.9691 0.9907 0.9273 0.9748 0.9956 0.9801 0.9863 0.9714 0.9812 0.9824 0.9489 0.9822 0.9689 0.9808 0.9807 0.9863 0.969 0.9763 0.9736 0.9621 0.9464 0.9801 0.9838 0.9793 0.9748 0.9796 0.9691 0.9558 0.9716 0.9839 0.9777 0.9697 0.9748 0.9489
0.9459 0.013700000000000045 0.9533 0.8855 0.8855 0.9536 0.9639 0.9739 0.9583 0.9629 0.9674 0.017100000000000004 0.0033999999999999586 0.013700000000000045 0.006800000000000028 0.010299999999999976 0.0033999999999999586 0.010299999999999976 0.0033999999999999586 0.0 0.010299999999999976 0.0033999999999999586 0.0 0.0033999999999999586 0.9614 0.9719 0.9761 0.9748 0.0 0.0 0.0 0.9459 0.9674 0.9589 0.9601 0.9503 0.9632000000000001 0.9564 0.9702 0.9672 0.938 0.9333 0.9608 0.9604 0.9769 0.9784 0.9863 0.938 0.9554 0.952 0.0 0.0 0.9284 0.9538 0.9564 0.9691 0.0 0.9908 0.9638 0.9701 0.9319999999999999 0.9692 0.9465 0.952 0.9585 0.9392 0.9712 0.9559 0.9633 0.9719 0.9604 0.9539 0.9391 0.9556 0.9522 0.9789 0.9601 0.0 0.9563 0.9586 0.9696 0.017100000000000004 0.979 0.9682 0.944 0.0 0.952
0.9459 0.013700000000000045 0.9533 0.8855 0.8855 0.9536 0.9639 0.9739 0.9583 0.9629 0.9674 0.017100000000000004 0.0033999999999999586 0.013700000000000045 0.006800000000000028 0.010299999999999976 0.0033999999999999586 0.010299999999999976 0.0033999999999999586 0.0 0.010299999999999976 0.0033999999999999586 0.0 0.0033999999999999586 0.9614 0.9719 0.9761 0.9748 0.0 0.0 0.0 0.9459 0.9674 0.9589 0.9601 0.9503 0.9632000000000001 0.9564 0.9702 0.9672 0.938 0.9333 0.9608 0.9604 0.9769 0.9784 0.9863 0.938 0.9554 0.952 0.0 0.0 0.9284 0.9538 0.9564 0.9691 0.0 0.9908 0.9638 0.9701 0.9319999999999999 0.9692 0.9465 0.952 0.9585 0.9392 0.9712 0.9559 0.9633 0.9719 0.9604 0.9539 0.9391 0.9556 0.9522 0.9789 0.9601 0.0 0.9563 0.9586 0.9696 0.017100000000000004 0.979 0.9682 0.944 0.0 0.952
0.9459 0.013700000000000045 0.9533 0.8855 0.8855 0.9536 0.9639 0.9739 0.9583 0.9629 0.9674 0.017100000000000004 0.0033999999999999586 0.013700000000000045 0.006800000000000028 0.010299999999999976 0.0033999999999999586 0.010299999999999976 0.0033999999999999586 0.0 0.010299999999999976 0.0033999999999999586 0.0 0.0033999999999999586 0.9614 0.9719 0.9761 0.9748 0.0 0.0 0.0 0.9459 0.9674 0.9589 0.9601 0.9503 0.9632000000000001 0.9564 0.9702 0.9672 0.938 0.9333 0.9608 0.9604 0.9769 0.9784 0.9863 0.938 0.9554 0.952 0.0 0.0 0.9284 0.9538 0.9564 0.9691 0.0 0.9908 0.9638 0.9701 0.9319999999999999 0.9692 0.9465 0.952 0.9585 0.9392 0.9712 0.9559 0.9633 0.9719 0.9604 0.9539 0.9391 0.9556 0.9522 0.9789 0.9601 0.0 0.9563 0.9586 0.9696 0.017100000000000004 0.979 0.9682 0.944 0.0 0.952
0.0 0.9459 0.9811 0.9734 0.9734 0.9696 0.9615 0.9549 0.9611 0.9675 0.9784 0.9459 0.9459 0.9468 0.9459 0.9449 0.9468 0.9459 0.9459 0.9459 0.9449 0.9459 0.9459 0.9468 0.9858 0.9816 0.9491 0.9943 0.9459 0.9459 0.9459 0.0 0.9784 0.9706 0.9737 0.9772 0.9675 0.9763 0.9896 0.9772 0.9782 0.9829 0.9829 0.982 0.9573 0.9953 0.9751 0.9782 0.9522 0.9839 0.9459 0.9459 0.9763 0.9772 0.9616 0.9886 0.9459 0.9723 0.9687 0.9402 0.9782 0.9592 0.9782 0.982 0.9707 0.981 0.9962 0.9651 0.9867 0.9816 0.982 0.9678 0.9725 0.9905 0.9744 0.9749 0.9737 0.9459 0.981 0.9839 0.9905 0.9449 0.975 0.9595 0.982 0.9459 0.982
0.9784 0.9674 0.9538 0.9693 0.9693 0.953 0.9542 0.9889 0.9784 0.9373 0.0 0.9674 0.9674 0.9674 0.9674 0.9674 0.9674 0.9674 0.9674 0.9674 0.9674 0.9674 0.9674 0.9674 0.9646 0.952 0.9738 0.9818 0.9674 0.9674 0.9674 0.9784 0.0 0.9658 0.9449 0.9676 0.9382 0.957 0.9755 0.9812 0.9544 0.9299 0.9605 0.9144 0.9819 0.994 0.9729 0.9532 0.9786 0.9407 0.9674 0.9674 0.9582 0.937 0.975 0.9852 0.9674 0.9903 0.9726 0.9744 0.9637 0.9678 0.9529 0.9543 0.9603 0.9671 0.9787 0.9776 0.9503 0.952 0.9144 0.9555 0.9651 0.9403 0.9499 0.9278 0.9449 0.9674 0.9409 0.944 0.9769 0.9674 0.9283 0.9753000000000001 0.9611 0.9674 0.9543
0.9706 0.961 0.931 0.9573 0.9573 0.9459 0.9499 0.981 0.9388 0.9628 0.9658 0.9589 0.9589 0.9589 0.9589 0.961 0.9589 0.9589 0.9589 0.9589 0.961 0.9589 0.9589 0.9589 0.9658 0.9529 0.9672 0.9817 0.9589 0.9589 0.9589 0.9706 0.9658 0.0 0.9586 0.9841 0.9631 0.9295 0.9727 0.9263 0.9458 0.9571 0.9707 0.9513 0.9793 0.9909 0.9677 0.9568 0.9528 0.9413 0.9589 0.9589 0.9455 0.9547 0.9358 0.9729 0.9589 0.9894 0.9356 0.9641 0.9682 0.9482 0.9468 0.9911 0.9456 0.9433 0.9841 0.931 0.9503 0.9529 0.9513 0.9339 0.949 0.9546 0.9418 0.9771 0.9586 0.9589 0.9526 0.9683 0.9681 0.9589 0.9772 0.9511000000000001 0.9524 0.9589 0.9911
0.9737 0.9645 0.9569 0.9579 0.9579 0.9544 0.958 0.9811 0.9752 0.9466 0.9449 0.9645 0.9601 0.9645 0.9645 0.9645 0.9601 0.9645 0.9601 0.9601 0.9645 0.9623 0.9601 0.9601 0.9637 0.963 0.9645 0.9793 0.9601 0.9601 0.9601 0.9737 0.9449 0.9586 0.0 0.9679 0.9474 0.9513 0.9793 0.9477 0.9617 0.9677 0.9608 0.9569 0.9832 0.9862 0.9655 0.9524 0.9671 0.9589 0.9601 0.9601 0.9512 0.9456 0.9577 0.9841 0.9601 0.9868 0.9646 0.9701 0.9678 0.9501 0.9613 0.9055 0.9564 0.9663 0.977 0.9544 0.9572 0.963 0.9569 0.9473 0.9637 0.9747 0.955 0.9664 0.0022999999999999687 0.9601 0.9575 0.9703 0.9841 0.9645 0.9666 0.9818 0.9708 0.9601 0.9055
0.9772 0.9503 0.9737 0.9655 0.9655 0.9455 0.9703 0.9843 0.9612 0.9706 0.9676 0.9503 0.9503 0.9503 0.9503 0.9503 0.9503 0.9503 0.9503 0.9503 0.9503 0.9503 0.9503 0.9503 0.9387 0.9596 0.9699 0.9612 0.9503 0.9503 0.9503 0.9772 0.9676 0.9841 0.9679 0.0 0.9711 0.947 0.9744 0.949 0.9565 0.9573 0.9345 0.9531000000000001 0.9857 0.9791 0.9833 0.9639 0.9659 0.9544 0.9503 0.9503 0.9384 0.959 0.9648 0.963 0.9503 0.9903 0.9636 0.9813 0.9642 0.9831 0.9673 0.9674 0.9783 0.963 0.9744 0.9538 0.9467 0.9596 0.9531000000000001 0.9534 0.9825 0.9526 0.9701 0.9774 0.9679 0.9503 0.9359999999999999 0.981 0.9806 0.9532 0.9786 0.9812 0.9367 0.9503 0.9674
0.9675 0.9671 0.954 0.9538 0.9538 0.9479 0.9626 0.9787 0.9663 0.015499999999999958 0.9382 0.9652000000000001 0.9632000000000001 0.9671 0.9652000000000001 0.9671 0.9652000000000001 0.9652000000000001 0.9632000000000001 0.9632000000000001 0.9671 0.9632000000000001 0.9632000000000001 0.9632000000000001 0.9595 0.8613 0.9685 0.9826 0.9632000000000001 0.9632000000000001 0.9632000000000001 0.9675 0.9382 0.9631 0.9474 0.9711 0.0 0.9411 0.9845 0.9645 0.9636 0.9556 0.9614 0.9344 0.9777 0.9788 0.9673 0.948 0.9449 0.9807 0.9632000000000001 0.9632000000000001 0.9675 0.9638 0.9663 0.9807 0.9632000000000001 0.9868 0.9552 0.9705 0.9594 0.9594 0.9558 0.9653 0.9653 0.9595 0.9768 0.9447 0.9499 0.8613 0.9344 0.9638 0.9522 0.9538 0.9621999999999999 0.9608 0.9474 0.9632000000000001 0.9615 0.9653 0.9768 0.9652000000000001 0.9611 0.9766 0.9575 0.9632000000000001 0.9653
0.9763 0.9564 0.9453 0.951 0.951 0.951 0.9703 0.98 0.9522 0.9402 0.957 0.9564 0.9564 0.9564 0.9564 0.9564 0.9537 0.9564 0.9564 0.9564 0.9564 0.9564 0.9564 0.9564 0.9424 0.9197 0.9744 0.9749 0.9564 0.9564 0.9564 0.9763 0.957 0.9295 0.9513 0.947 0.9411 0.0 0.9781 0.9227 0.9268 0.9668 0.9486 0.9385 0.9785 0.9781 0.9725 0.9592 0.9692 0.9369 0.9564 0.9564 0.9356 0.967 0.9703 0.9876 0.9564 0.9877 0.9519 0.9551 0.9639 0.9363 0.945 0.9393 0.9566 0.904 0.9781 0.9595 0.9463 0.9197 0.9385 0.9513 0.9552 0.9482 0.9564 0.9774 0.9513 0.9564 0.9545 0.9576 0.9533 0.9564 0.9776 0.9589 0.9339 0.9564 0.9393
0.9896 0.9669 0.9777 0.9628 0.9628 0.9633 0.9808 0.9948 0.984 0.9843 0.9755 0.9669 0.9702 0.9669 0.9669 0.9669 0.9702 0.9669 0.9702 0.9702 0.9669 0.9702 0.9702 0.9702 0.9802 0.9831 0.9895 0.961 0.9702 0.9702 0.9702 0.9896 0.9755 0.9727 0.9793 0.9744 0.9845 0.9781 0.0 0.9744 0.9703 0.9498 0.9478 0.9764 0.9912 0.9477 0.9912 0.967 0.9863 0.9556 0.9702 0.9702 0.9676 0.9897 0.9889 0.9277 0.9702 0.9956 0.9851 0.9863 0.9614 0.9944 0.9748 0.9781 0.9921 0.9721 0.9444 0.9711 0.9592 0.9831 0.9764 0.9838 0.9848 0.9609 0.9701 0.986 0.9793 0.9702 0.9728 0.957 0.9672 0.9702 0.9861 0.988 0.9799 0.9702 0.9781
0.9772 0.9672 0.9446 0.9422 0.9422 0.948 0.9514 0.9818 0.9543 0.9642 0.9812 0.9672 0.9672 0.9672 0.9672 0.9672 0.9672 0.9672 0.9672 0.9672 0.9672 0.9672 0.9672 0.9672 0.9695 0.9426 0.9537 0.9718 0.9672 0.9672 0.9672 0.9772 0.9812 0.9263 0.9477 0.949 0.9645 0.9227 0.9744 0.0 0.9363 0.9628 0.9495 0.9659 0.9793 0.9821 0.9717 0.9466 0.9613 0.9453 0.9672 0.9672 0.9372 0.9578 0.9435 0.9694 0.9672 0.9868 0.9587 0.9578 0.9646 0.9393 0.9369 0.9565 0.9474 0.9116 0.9796 0.9388 0.9673 0.9426 0.9659 0.9381 0.9345 0.9464 0.9201 0.9845 0.9477 0.9672 0.9375 0.9745 0.9692 0.9672 0.9846 0.9541 0.9594 0.9672 0.9565
0.9782 0.938 0.9494 0.9522 0.9522 0.9402 0.9583 0.9748 0.9315 0.963 0.9544 0.9326 0.938 0.938 0.938 0.938 0.938 0.938 0.938 0.938 0.938 0.938 0.938 0.938 0.9478 0.9453 0.9745 0.9911 0.938 0.938 0.938 0.9782 0.9544 0.9458 0.9617 0.9565 0.9636 0.9268 0.9703 0.9363 0.0 0.9478 0.9536 0.9582 0.9888 0.9762 0.9676 0.9514 0.9727 0.9449 0.938 0.938 0.9501 0.9392 0.9573 0.9853 0.938 0.9921 0.9569 0.9663 0.9531000000000001 0.9513 0.9459 0.9571 0.9449 0.9237 0.9733 0.9596 0.9316 0.9453 0.9582 0.9456 0.9606 0.9449 0.9617 0.9786 0.9617 0.938 0.9408 0.9539 0.9733 0.938 0.9787 0.971 0.9211 0.938 0.9571
0.9829 0.9333 0.9717 0.9295 0.9295 0.9428 0.9599 0.98 0.9568 0.9549 0.9299 0.9333 0.9333 0.9333 0.9333 0.9333 0.9333 0.9364 0.9303 0.9333 0.9333 0.9333 0.9333 0.9333 0.9258 0.9505 0.9729 0.9508 0.9333 0.9333 0.9333 0.9829 0.9299 0.9571 0.9677 0.9573 0.9556 0.9668 0.9498 0.9628 0.9478 0.0 0.659 0.9381 0.9857 0.9739 0.9862 0.9441 0.9676 0.7978000000000001 0.9333 0.9333 0.9689 0.9514 0.9685 0.9455 0.9333 0.9908 0.9536 0.9701 0.9412 0.9514 0.9377 0.9387 0.9763 0.9612 0.9615 0.9403 0.9551 0.9505 0.9381 0.9594 0.9504 0.9143 0.9448 0.9838 0.9677 0.9333 0.9595 0.9373 0.968 0.9333 0.9839 0.9742999999999999 0.9419 0.9333 0.9387
0.9829 0.9608 0.9778 0.9427 0.9427 0.9394 0.9721 0.9826 0.9477 0.9608 0.9605 0.9608 0.9608 0.9608 0.9608 0.9608 0.9608 0.9578 0.9578 0.9608 0.9608 0.9608 0.9608 0.9608 0.935 0.9391 0.9608 0.956 0.9608 0.9608 0.9608 0.9829 0.9605 0.9707 0.9608 0.9345 0.9614 0.9486 0.9478 0.9495 0.9536 0.659 0.0 0.9322 0.9873 0.9644 0.9784 0.946 0.9506 0.7839 0.9608 0.9608 0.9539 0.9668 0.9666 0.9349 0.9608 0.993 0.9585 0.9713 0.9480999999999999 0.9682 0.9526 0.9516 0.9744 0.9451 0.9597 0.9538 0.9410000000000001 0.9391 0.9322 0.9554 0.9529 0.9236 0.9488 0.9806 0.9608 0.9608 0.9459 0.9435 0.9551 0.9608 0.9818 0.9795 0.9373 0.9608 0.9516
0.982 0.9631 0.9483 0.9478 0.9478 0.9478 0.9686 0.9783 0.9664 0.9333 0.9144 0.9631 0.9604 0.9604 0.9604 0.9604 0.9604 0.9604 0.9604 0.9604 0.9604 0.9604 0.9604 0.9604 0.9595 0.9365 0.9672 0.9763 0.9604 0.9604 0.9604 0.982 0.9144 0.9513 0.9569 0.9531000000000001 0.9344 0.9385 0.9764 0.9659 0.9582 0.9381 0.9322 0.0 0.9761 0.9792 0.9784 0.9483 0.9594 0.9472 0.9604 0.9604 0.9428 0.9348 0.9689 0.9824 0.9604 0.9899 0.9555 0.9764 0.9621999999999999 0.9614 0.9438 0.937 0.9728 0.9352 0.9735 0.9716 0.9377 0.9365 0.0 0.9641 0.9471 0.9501 0.9579 0.956 0.9569 0.9604 0.9636 0.9475 0.9621 0.9604 0.9562 0.9628 0.9632000000000001 0.9604 0.937
0.9573 0.9769 0.9722 0.9849 0.9849 0.9777 0.9678 0.9374 0.9729 0.9784 0.9819 0.9761 0.9769 0.9769 0.9769 0.9769 0.9769 0.9777 0.9769 0.9769 0.9769 0.9769 0.9769 0.9769 0.9865 0.9829 0.9685 0.9936 0.9769 0.9769 0.9769 0.9573 0.9819 0.9793 0.9832 0.9857 0.9777 0.9785 0.9912 0.9793 0.9888 0.9857 0.9873 0.9761 0.0 0.9936 0.9453 0.9825 0.9613 0.9865 0.9769 0.9769 0.9849 0.9706 0.9636 0.9928 0.9769 0.9661 0.9713 0.9681 0.9849 0.9715 0.973 0.9849 0.961 0.9801 0.9952 0.9714 0.9833 0.9829 0.9761 0.9682 0.9777 0.9873 0.9762 0.9582 0.9832 0.9769 0.9833 0.9865 0.992 0.9761 0.9582 0.9707 0.9769 0.9769 0.9849
0.9953 0.9815 0.9899 0.993 0.993 0.9878 0.986 0.9948 0.9725 0.9784 0.994 0.9784 0.9784 0.9784 0.9784 0.9784 0.9784 0.9784 0.9784 0.9784 0.9784 0.9784 0.9784 0.9784 0.9651 0.9915 0.9849 0.9359 0.9784 0.9784 0.9784 0.9953 0.994 0.9909 0.9862 0.9791 0.9788 0.9781 0.9477 0.9821 0.9762 0.9739 0.9644 0.9792 0.9936 0.0 0.9961 0.9732 0.9863 0.9746 0.9784 0.9784 0.9794 0.9845 0.9889 0.9518 0.9784 0.9952 0.9867 0.995 0.996 0.9868 0.9824 0.9927 0.9802 0.9725 0.9492 0.9807 0.9897 0.9915 0.9792 0.9838 0.9773 0.9774 0.9876 0.9946 0.9862 0.9784 0.9795 0.9735 0.9778 0.9784 0.9946 0.9863 0.9734 0.9784 0.9927
0.9751 0.9873 0.9658 0.9883 0.9883 0.9706 0.9666 0.9464 0.9668 0.9671 0.9729 0.9863 0.9863 0.9873 0.9873 0.9873 0.9863 0.9873 0.9863 0.9863 0.9873 0.9863 0.9863 0.9873 0.9774 0.9724 0.9664 0.9902 0.9863 0.9863 0.9863 0.9751 0.9729 0.9677 0.9655 0.9833 0.9673 0.9725 0.9912 0.9717 0.9676 0.9862 0.9784 0.9784 0.9453 0.9961 0.0 0.9833 0.9574 0.9882 0.9863 0.9863 0.9697 0.9736 0.962 0.9853 0.9863 0.9631 0.9591 0.9552 0.9853 0.9542 0.9775 0.9804 0.9658 0.9824 0.9921 0.9669 0.9715 0.9724 0.9784 0.9452 0.9824 0.9813 0.9765 0.9306 0.9655 0.9863 0.9785 0.9843 0.9853 0.9873 0.9306 0.9631 0.9834 0.9863 0.9804
0.9782 0.9353 0.9575 0.9631 0.9631 0.9231 0.9652000000000001 0.9791 0.9681 0.9472 0.9532 0.9353 0.938 0.938 0.9353 0.9353 0.938 0.9353 0.938 0.938 0.9353 0.938 0.938 0.938 0.9253 0.9571 0.9744 0.96 0.938 0.938 0.938 0.9782 0.9532 0.9568 0.9524 0.9639 0.948 0.9592 0.967 0.9466 0.9514 0.9441 0.946 0.9483 0.9825 0.9732 0.9833 0.0 0.9608 0.9563 0.938 0.938 0.9271 0.9485 0.9573 0.9638 0.938 0.9934 0.957 0.98 0.9513 0.9607 0.9548 0.9683 0.9507 0.9349 0.9673 0.948 0.9487 0.9571 0.9483 0.9675 0.938 0.9475 0.953 0.9732 0.9524 0.938 0.9446 0.9475 0.9738 0.9353 0.9734 0.9744 0.9187 0.938 0.9683
0.9522 0.9537 0.9362 0.9597 0.9597 0.9505 0.9309000000000001 0.9649 0.9463 0.9443 0.9786 0.9554 0.9554 0.957 0.9554 0.9537 0.9554 0.9554 0.9554 0.9554 0.9537 0.9554 0.9554 0.9554 0.9761 0.9646 0.9565 0.9829 0.9554 0.9554 0.9554 0.9522 0.9786 0.9528 0.9671 0.9659 0.9449 0.9692 0.9863 0.9613 0.9727 0.9676 0.9506 0.9594 0.9613 0.9863 0.9574 0.9608 0.0 0.966 0.9554 0.9554 0.9577 0.945 0.9364 0.9915 0.9554 0.9793 0.9223 0.958 0.9659 0.9567 0.9513 0.9678 0.9495 0.9712 0.9897 0.9558 0.966 0.9646 0.9594 0.9508 0.9564 0.9624 0.9497 0.9766 0.9671 0.9554 0.9646 0.9761 0.9693 0.957 0.9767 0.9459 0.9595 0.9554 0.9678
0.9839 0.952 0.9675 0.946 0.946 0.955 0.9738 0.9835 0.9589 0.9804 0.9407 0.952 0.952 0.952 0.952 0.952 0.952 0.952 0.952 0.952 0.952 0.952 0.952 0.952 0.9435 0.9651 0.9593 0.9556 0.952 0.952 0.952 0.9839 0.9407 0.9413 0.9589 0.9544 0.9807 0.9369 0.9556 0.9453 0.9449 0.7978000000000001 0.7839 0.9472 0.9865 0.9746 0.9882 0.9563 0.966 0.0 0.952 0.952 0.9544 0.9613 0.9703 0.9422 0.952 0.9925 0.9652000000000001 0.9751 0.9362 0.9587 0.9576 0.9626 0.9704 0.9547 0.9668 0.9577 0.9385 0.9651 0.9472 0.9675 0.9478 0.9371 0.9517 0.9817 0.9589 0.952 0.9344 0.9375 0.9788 0.952 0.9818 0.9742999999999999 0.9416 0.952 0.9626
0.9459 0.013700000000000045 0.9533 0.8855 0.8855 0.9536 0.9639 0.9739 0.9583 0.9629 0.9674 0.017100000000000004 0.0033999999999999586 0.013700000000000045 0.006800000000000028 0.010299999999999976 0.0033999999999999586 0.010299999999999976 0.0033999999999999586 0.0 0.010299999999999976 0.0033999999999999586 0.0 0.0033999999999999586 0.9614 0.9719 0.9761 0.9748 0.0 0.0 0.0 0.9459 0.9674 0.9589 0.9601 0.9503 0.9632000000000001 0.9564 0.9702 0.9672 0.938 0.9333 0.9608 0.9604 0.9769 0.9784 0.9863 0.938 0.9554 0.952 0.0 0.0 0.9284 0.9538 0.9564 0.9691 0.0 0.9908 0.9638 0.9701 0.9319999999999999 0.9692 0.9465 0.952 0.9585 0.9392 0.9712 0.9559 0.9633 0.9719 0.9604 0.9539 0.9391 0.9556 0.9522 0.9789 0.9601 0.0 0.9563 0.9586 0.9696 0.017100000000000004 0.979 0.9682 0.944 0.0 0.952
0.9459 0.013700000000000045 0.9533 0.8855 0.8855 0.9536 0.9639 0.9739 0.9583 0.9629 0.9674 0.017100000000000004 0.0033999999999999586 0.013700000000000045 0.006800000000000028 0.010299999999999976 0.0033999999999999586 0.010299999999999976 0.0033999999999999586 0.0 0.010299999999999976 0.0033999999999999586 0.0 0.0033999999999999586 0.9614 0.9719 0.9761 0.9748 0.0 0.0 0.0 0.9459 0.9674 0.9589 0.9601 0.9503 0.9632000000000001 0.9564 0.9702 0.9672 0.938 0.9333 0.9608 0.9604 0.9769 0.9784 0.9863 0.938 0.9554 0.952 0.0 0.0 0.9284 0.9538 0.9564 0.9691 0.0 0.9908 0.9638 0.9701 0.9319999999999999 0.9692 0.9465 0.952 0.9585 0.9392 0.9712 0.9559 0.9633 0.9719 0.9604 0.9539 0.9391 0.9556 0.9522 0.9789 0.9601 0.0 0.9563 0.9586 0.9696 0.017100000000000004 0.979 0.9682 0.944 0.0 0.952
0.9763 0.931 0.9576 0.9558 0.9558 0.9268 0.9756 0.9809 0.9382 0.9672 0.9582 0.9284 0.9284 0.9257 0.9284 0.9284 0.9284 0.9284 0.9284 0.9284 0.9284 0.9284 0.9284 0.9284 0.9472 0.9558 0.9623 0.9765 0.9284 0.9284 0.9284 0.9763 0.9582 0.9455 0.9512 0.9384 0.9675 0.9356 0.9676 0.9372 0.9501 0.9689 0.9539 0.9428 0.9849 0.9794 0.9697 0.9271 0.9577 0.9544 0.9284 0.9284 0.0 0.9391 0.9556 0.965 0.9284 0.993 0.9585 0.9626 0.9624 0.9625 0.9556 0.9478 0.9609 0.9308 0.956 0.9559 0.9483 0.9558 0.9428 0.9696 0.9604 0.9708 0.9512 0.9808 0.9512 0.9284 0.9424 0.9472 0.9706 0.931 0.9809 0.9538 0.948 0.9284 0.9478
0.9772 0.9538 0.9483 0.948 0.948 0.9311 0.9515 0.9766 0.9463 0.9635 0.937 0.9538 0.9538 0.9538 0.9538 0.9513 0.9538 0.9538 0.9538 0.9538 0.9513 0.9538 0.9538 0.9538 0.9666 0.9527 0.9565 0.9691 0.9538 0.9538 0.9538 0.9772 0.937 0.9547 0.9456 0.959 0.9638 0.967 0.9897 0.9578 0.9392 0.9514 0.9668 0.9348 0.9706 0.9845 0.9736 0.9485 0.945 0.9613 0.9538 0.9538 0.9391 0.0 0.9521 0.9668 0.9538 0.9868 0.9704 0.9689 0.9512 0.9593 0.9549 0.9569 0.942 0.9364 0.9846 0.9504 0.9309000000000001 0.9527 0.9348 0.9458 0.9333 0.9665 0.9484 0.9663 0.9456 0.9538 0.9542 0.9588 0.9716 0.9538 0.9675 0.9559 0.9467 0.9538 0.9569
0.9616 0.9564 0.9321 0.9725 0.9725 0.9425 0.9392 0.9639 0.9394 0.966 0.975 0.9545 0.9564 0.9582 0.9564 0.9564 0.9564 0.9564 0.9564 0.9564 0.9564 0.9564 0.9564 0.9564 0.9722 0.9619 0.9359 0.9907 0.9564 0.9564 0.9564 0.9616 0.975 0.9358 0.9577 0.9648 0.9663 0.9703 0.9889 0.9435 0.9573 0.9685 0.9666 0.9689 0.9636 0.9889 0.962 0.9573 0.9364 0.9703 0.9564 0.9564 0.9556 0.9521 0.0 0.9741 0.9564 0.9859 0.9459 0.9383 0.9759 0.9511000000000001 0.9557 0.9519 0.9617 0.9575 0.9852 0.9301 0.9592 0.9619 0.9689 0.9382 0.9414 0.9703 0.9652000000000001 0.9724 0.9577 0.9564 0.9686 0.9685 0.9796 0.9545 0.9725 0.9507 0.9613 0.9564 0.9519
0.9886 0.9691 0.9819 0.9759 0.9759 0.9453 0.9791 0.9904 0.9727 0.9804 0.9852 0.9691 0.9691 0.9691 0.9691 0.9691 0.9691 0.9691 0.9691 0.9691 0.9691 0.9691 0.9691 0.9691 0.9731 0.9777 0.9865 0.9273 0.9691 0.9691 0.9691 0.9886 0.9852 0.9729 0.9841 0.963 0.9807 0.9876 0.9277 0.9694 0.9853 0.9455 0.9349 0.9824 0.9928 0.9518 0.9853 0.9638 0.9915 0.9422 0.9691 0.9691 0.965 0.9668 0.9741 0.0 0.9691 0.9965 0.9818 0.9863 0.9806 0.9662 0.9774 0.975 0.9803 0.9787 0.9349 0.9693 0.9627 0.9777 0.9824 0.9778 0.9573 0.9631 0.9778 0.9871 0.9841 0.9691 0.9832 0.9962 0.9459 0.966 0.9872 0.9727 0.9533 0.9691 0.975
